828, 11.45, 1671, 330, 263.5, 371, 745, 1304
828, 11.45, 1671, 330, 263.5, 371, 745, 1304, 0
822, 17.33, 1671, 330, 349.7, 371, 745, 1304
822, 17.33, 1671, 330, 349.7, 381, 725, 1284, 10
822, 15.80, 1609, 330, 330.5, 381, 725, 1284
822, 15.80, 1609, 330, 330.5, 381, 725, 1284, 10
822, 15.37, 1609, 330, 324.6, 381, 725, 1284
822, 15.37, 1609, 330, 324.6, 379, 729, 1288, 8
822, 15.77, 1621, 330, 330.1, 379, 729, 1288
822, 15.77, 1621, 330, 330.1, 379, 729, 1288, 8
822, 15.78, 1621, 330, 330.2, 379, 729, 1288
822, 15.78, 1621, 330, 330.2, 379, 729, 1288, 8
822, 15.91, 1625, 331, 332.0, 379, 729, 1288
822, 15.91, 1625, 331, 332.0, 379, 729, 1288, 8
822, 16.05, 1625, 331, 333.8, 379, 729, 1288
822, 16.05, 1625, 331, 333.8, 379, 729, 1288, 8
822, 16.17, 1625, 331, 335.3, 379, 729, 1288
822, 16.17, 1625, 331, 335.3, 381, 725, 1284, 10
840, 15.71, 1616, 332, 329.3, 381, 725, 1284
840, 15.71, 1616, 332, 329.3, 381, 725, 1284, 10
840, 15.70, 1620, 333, 329.1, 381, 725, 1284
840, 15.70, 1620, 333, 329.1, 381, 725, 1284, 10
840, 16.03, 1620, 333, 333.5, 381, 725, 1284
840, 16.03, 1620, 333, 333.5, 381, 725, 1284, 10
849, 16.00, 1620, 334, 333.2, 381, 725, 1284
849, 16.00, 1620, 334, 333.2, 381, 725, 1284, 10
849, 16.16, 1627, 335, 335.2, 381, 725, 1284
849, 16.16, 1627, 335, 335.2, 381, 725, 1284, 10
867, 16.01, 1631, 336, 333.2, 381, 725, 1284
867, 16.01, 1631, 336, 333.2, 381, 725, 1284, 10
867, 16.23, 1631, 336, 336.1, 381, 725, 1284
867, 16.23, 1631, 336, 336.1, 381, 725, 1284, 10
867, 16.29, 1631, 337, 336.9, 381, 725, 1284
867, 16.29, 1631, 337, 336.9, 381, 725, 1284, 10
876, 16.52, 1642, 339, 339.8, 381, 725, 1284
876, 16.52, 1642, 339, 339.8, 381, 725, 1284, 10
895, 16.49, 1646, 340, 339.5, 381, 725, 1284
895, 16.49, 1646, 340, 339.5, 381, 725, 1284, 10
895, 16.72, 1646, 341, 342.3, 381, 725, 1284
895, 16.72, 1646, 341, 342.3, 381, 725, 1284, 10
904, 16.71, 1653, 342, 342.3, 381, 725, 1284
904, 16.71, 1653, 342, 342.3, 381, 725, 1284, 10
923, 16.85, 1661, 344, 343.9, 381, 725, 1284
923, 16.85, 1661, 344, 343.9, 381, 725, 1284, 10
923, 16.90, 1665, 345, 344.5, 381, 725, 1284
923, 16.90, 1665, 345, 344.5, 381, 725, 1284, 10
932, 16.96, 1673, 347, 345.3, 381, 725, 1284
932, 16.96, 1673, 347, 345.3, 381, 725, 1284, 10
950, 17.14, 1677, 348, 347.5, 381, 725, 1284
950, 17.14, 1677, 348, 347.5, 381, 725, 1284, 10
960, 17.39, 1686, 350, 350.5, 381, 725, 1284
960, 17.39, 1686, 350, 350.5, 381, 725, 1284, 10
979, 17.67, 1694, 352, 353.7, 381, 725, 1284
979, 17.67, 1694, 352, 353.7, 381, 725, 1284, 10
988, 17.69, 1703, 354, 354.0, 381, 725, 1284
988, 17.69, 1703, 354, 354.0, 381, 725, 1284, 10
1007, 17.86, 1712, 356, 355.9, 381, 725, 1284
1007, 17.86, 1712, 356, 355.9, 381, 725, 1284, 10
1016, 18.19, 1721, 358, 359.6, 381, 725, 1284
1016, 18.19, 1721, 358, 359.6, 381, 725, 1284, 10
1035, 18.32, 1731, 360, 361.0, 381, 725, 1284
1035, 18.32, 1731, 360, 361.0, 381, 725, 1284, 10
1045, 18.46, 1746, 363, 362.5, 381, 725, 1284
1045, 18.46, 1746, 363, 362.5, 381, 725, 1284, 10
1064, 19.01, 1756, 365, 368.3, 381, 725, 1284
1064, 19.01, 1756, 365, 368.3, 381, 725, 1284, 10
1092, 19.39, 1771, 368, 372.2, 381, 725, 1284
1092, 19.39, 1771, 368, 372.2, 383, 721, 1280, 12
1102, 18.94, 1765, 370, 367.6, 383, 721, 1280
1102, 18.94, 1765, 370, 367.6, 383, 721, 1280, 12
1121, 19.49, 1781, 373, 373.2, 383, 721, 1280
1121, 19.49, 1781, 373, 373.2, 383, 721, 1280, 12
1150, 19.89, 1798, 376, 376.9, 383, 721, 1280
1150, 19.89, 1798, 376, 376.9, 383, 721, 1280, 12
1160, 20.30, 1816, 379, 380.7, 383, 721, 1280
1160, 20.30, 1816, 379, 380.7, 383, 721, 1280, 12
1189, 20.72, 1835, 382, 384.4, 383, 721, 1280
1189, 20.72, 1835, 382, 384.4, 383, 721, 1280, 12
1209, 20.75, 1854, 385, 384.7, 383, 721, 1280
1209, 20.75, 1854, 385, 384.7, 383, 721, 1280, 12
1238, 21.15, 1882, 389, 388.1, 383, 721, 1280
1238, 21.15, 1882, 389, 388.1, 383, 721, 1280, 12
1268, 21.56, 1904, 392, 391.3, 383, 721, 1280
1268, 21.56, 1904, 392, 391.3, 383, 721, 1280, 12
1298, 21.85, 1935, 396, 393.6, 383, 721, 1280
1298, 21.85, 1935, 396, 393.6, 383, 721, 1280, 12
1328, 22.64, 1969, 400, 399.2, 383, 721, 1280
1328, 22.64, 1969, 400, 399.2, 383, 721, 1280, 12
1358, 23.46, 2005, 404, 404.5, 383, 721, 1280
1358, 23.46, 2005, 404, 404.5, 383, 721, 1280, 12
1388, 23.83, 2045, 408, 406.6, 383, 721, 1280
1388, 23.83, 2045, 408, 406.6, 383, 721, 1280, 12
1418, 24.64, 2088, 412, 410.8, 383, 721, 1280
1418, 24.64, 2088, 412, 410.8, 383, 721, 1280, 12
1449, 25.65, 2148, 417, 415.2, 383, 721, 1280
1449, 25.65, 2148, 417, 415.2, 383, 721, 1280, 12
1490, 26.62, 2217, 422, 418.5, 383, 721, 1280
1490, 26.62, 2217, 422, 418.5, 383, 721, 1280, 12
1520, 27.21, 2295, 427, 420.1, 383, 721, 1280
1520, 27.21, 2295, 427, 420.1, 381, 725, 1284, 10
1572, 28.27, 2443, 432, 422.1, 381, 725, 1284
1572, 28.27, 2443, 432, 422.1, 377, 733, 1292, 6
1603, 28.84, 2712, 437, 422.7, 377, 733, 1292
1603, 28.84, 2712, 437, 422.7, 371, 745, 1304, 0
1520, 28.22, 2655, 427, 422.0, 371, 745, 1304
1520, 28.22, 2655, 427, 422.0, 370, 747, 1306, -1
1449, 27.64, 2445, 417, 421.0, 370, 747, 1306
1449, 27.64, 2445, 417, 421.0, 372, 743, 1302, 1
1368, 26.04, 2225, 407, 416.7, 372, 743, 1302
1368, 26.04, 2225, 407, 416.7, 377, 733, 1292, 6
1308, 24.22, 2042, 399, 408.7, 377, 733, 1292
1308, 24.22, 2042, 399, 408.7, 382, 723, 1282, 11
1248, 22.03, 1900, 390, 394.9, 382, 723, 1282
1248, 22.03, 1900, 390, 394.9, 384, 719, 1278, 13
1189, 20.65, 1825, 382, 383.8, 384, 719, 1278
1189, 20.65, 1825, 382, 383.8, 384, 719, 1278, 13
1131, 19.87, 1784, 375, 376.7, 384, 719, 1278
1131, 19.87, 1784, 375, 376.7, 384, 719, 1278, 13
1092, 18.85, 1746, 368, 366.7, 384, 719, 1278
1092, 18.85, 1746, 368, 366.7, 384, 719, 1278, 13
1035, 18.02, 1713, 361, 357.7, 384, 719, 1278
1035, 18.02, 1713, 361, 357.7, 384, 719, 1278, 13
988, 17.19, 1682, 354, 348.1, 384, 719, 1278
988, 17.19, 1682, 354, 348.1, 382, 723, 1282, 11
950, 16.83, 1670, 348, 343.7, 382, 723, 1282
950, 16.83, 1670, 348, 343.7, 381, 725, 1284, 10
904, 16.50, 1653, 342, 339.5, 381, 725, 1284
904, 16.50, 1653, 342, 339.5, 381, 725, 1284, 10
867, 16.06, 1631, 336, 334.0, 381, 725, 1284
867, 16.06, 1631, 336, 334.0, 381, 725, 1284, 10
822, 15.63, 1613, 331, 328.2, 381, 725, 1284
822, 15.63, 1613, 331, 328.2, 381, 725, 1284, 10
795, 15.12, 1596, 326, 321.2, 381, 725, 1284
795, 15.12, 1596, 326, 321.2, 380, 727, 1286, 9
759, 14.86, 1585, 321, 317.5, 380, 727, 1286
759, 14.86, 1585, 321, 317.5, 380, 727, 1286, 9
732, 14.33, 1569, 316, 309.8, 380, 727, 1286
732, 14.33, 1569, 316, 309.8, 378, 731, 1290, 7
705, 14.16, 1569, 312, 307.3, 378, 731, 1290
705, 14.16, 1569, 312, 307.3, 377, 733, 1292, 6
661, 14.06, 1558, 307, 305.8, 377, 733, 1292
661, 14.06, 1558, 307, 305.8, 377, 733, 1292, 6
635, 13.68, 1546, 303, 300.0, 377, 733, 1292
635, 13.68, 1546, 303, 300.0, 377, 733, 1292, 6
609, 13.35, 1535, 299, 294.9, 377, 733, 1292
609, 13.35, 1535, 299, 294.9, 376, 735, 1294, 5
583, 13.17, 1529, 295, 292.1, 376, 735, 1294
583, 13.17, 1529, 295, 292.1, 376, 735, 1294, 5
575, 13.05, 1520, 292, 290.1, 376, 735, 1294
575, 13.05, 1520, 292, 290.1, 376, 735, 1294, 5
549, 12.84, 1510, 288, 286.9, 376, 735, 1294
549, 12.84, 1510, 288, 286.9, 376, 735, 1294, 5
524, 12.62, 1502, 285, 283.3, 376, 735, 1294
524, 12.62, 1502, 285, 283.3, 376, 735, 1294, 5
499, 12.39, 1492, 281, 279.5, 376, 735, 1294
499, 12.39, 1492, 281, 279.5, 376, 735, 1294, 5
482, 12.09, 1484, 278, 274.4, 376, 735, 1294
482, 12.09, 1484, 278, 274.4, 376, 735, 1294, 5
457, 11.89, 1477, 275, 271.0, 376, 735, 1294
457, 11.89, 1477, 275, 271.0, 376, 735, 1294, 5
449, 11.64, 1470, 272, 266.7, 376, 735, 1294
449, 11.64, 1470, 272, 266.7, 374, 739, 1298, 3
433, 11.52, 1470, 270, 264.6, 374, 739, 1298
433, 11.52, 1470, 270, 264.6, 372, 743, 1302, 1
408, 11.88, 1474, 267, 270.9, 372, 743, 1302
408, 11.88, 1474, 267, 270.9, 372, 743, 1302, 1
400, 11.52, 1470, 265, 264.6, 372, 743, 1302
400, 11.52, 1470, 265, 264.6, 372, 743, 1302, 1
384, 11.26, 1462, 262, 260.1, 372, 743, 1302
384, 11.26, 1462, 262, 260.1, 372, 743, 1302, 1
376, 11.10, 1458, 260, 257.2, 372, 743, 1302
376, 11.10, 1458, 260, 257.2, 372, 743, 1302, 1
360, 10.96, 1453, 258, 254.7, 372, 743, 1302
360, 10.96, 1453, 258, 254.7, 372, 743, 1302, 1
336, 10.91, 1446, 255, 253.8, 372, 743, 1302
336, 10.91, 1446, 255, 253.8, 372, 743, 1302, 1
328, 10.82, 1441, 253, 252.1, 372, 743, 1302
328, 10.82, 1441, 253, 252.1, 372, 743, 1302, 1
312, 10.74, 1437, 251, 250.7, 372, 743, 1302
312, 10.74, 1437, 251, 250.7, 372, 743, 1302, 1
304, 10.67, 1432, 249, 249.4, 372, 743, 1302
304, 10.67, 1432, 249, 249.4, 372, 743, 1302, 1
304, 10.64, 1432, 248, 248.8, 372, 743, 1302
304, 10.64, 1432, 248, 248.8, 372, 743, 1302, 1
288, 10.50, 1426, 246, 246.4, 372, 743, 1302
288, 10.50, 1426, 246, 246.4, 372, 743, 1302, 1
280, 10.40, 1421, 244, 244.5, 372, 743, 1302
280, 10.40, 1421, 244, 244.5, 372, 743, 1302, 1
265, 10.34, 1421, 243, 243.3, 372, 743, 1302
265, 10.34, 1421, 243, 243.3, 372, 743, 1302, 1
257, 10.14, 1415, 241, 239.7, 372, 743, 1302
257, 10.14, 1415, 241, 239.7, 372, 743, 1302, 1
257, 10.12, 1415, 240, 239.3, 372, 743, 1302
257, 10.12, 1415, 240, 239.3, 372, 743, 1302, 1
242, 10.07, 1408, 238, 238.3, 372, 743, 1302
242, 10.07, 1408, 238, 238.3, 372, 743, 1302, 1
234, 9.94, 1408, 237, 236.0, 372, 743, 1302
234, 9.94, 1408, 237, 236.0, 372, 743, 1302, 1
234, 9.88, 1404, 236, 234.7, 372, 743, 1302
234, 9.88, 1404, 236, 234.7, 372, 743, 1302, 1
219, 9.72, 1400, 234, 231.6, 372, 743, 1302
219, 9.72, 1400, 234, 231.6, 372, 743, 1302, 1
211, 9.79, 1400, 233, 233.1, 372, 743, 1302
211, 9.79, 1400, 233, 233.1, 372, 743, 1302, 1
211, 9.67, 1395, 232, 230.7, 372, 743, 1302
211, 9.67, 1395, 232, 230.7, 372, 743, 1302, 1
196, 9.62, 1395, 231, 229.8, 372, 743, 1302
196, 9.62, 1395, 231, 229.8, 372, 743, 1302, 1
196, 9.50, 1391, 230, 227.5, 372, 743, 1302
196, 9.50, 1391, 230, 227.5, 372, 743, 1302, 1
188, 9.52, 1391, 229, 227.8, 372, 743, 1302
188, 9.52, 1391, 229, 227.8, 372, 743, 1302, 1
188, 9.48, 1387, 228, 227.0, 372, 743, 1302
188, 9.48, 1387, 228, 227.0, 372, 743, 1302, 1
188, 9.49, 1387, 228, 227.3, 372, 743, 1302
188, 9.49, 1387, 228, 227.3, 372, 743, 1302, 1
173, 9.42, 1387, 227, 225.9, 372, 743, 1302
173, 9.42, 1387, 227, 225.9, 372, 743, 1302, 1
173, 9.36, 1383, 226, 224.7, 372, 743, 1302
173, 9.36, 1383, 226, 224.7, 372, 743, 1302, 1
166, 9.33, 1383, 225, 224.2, 372, 743, 1302
166, 9.33, 1383, 225, 224.2, 372, 743, 1302, 1
166, 9.32, 1383, 225, 223.8, 372, 743, 1302
166, 9.32, 1383, 225, 223.8, 372, 743, 1302, 1
166, 9.27, 1378, 224, 223.0, 372, 743, 1302
166, 9.27, 1378, 224, 223.0, 372, 743, 1302, 1
166, 9.14, 1378, 224, 220.5, 372, 743, 1302
166, 9.14, 1378, 224, 220.5, 372, 743, 1302, 1
151, 9.19, 1378, 223, 221.4, 372, 743, 1302
151, 9.19, 1378, 223, 221.4, 372, 743, 1302, 1
151, 9.17, 1378, 223, 221.0, 372, 743, 1302
151, 9.17, 1378, 223, 221.0, 372, 743, 1302, 1
151, 9.21, 1378, 223, 221.9, 372, 743, 1302
151, 9.21, 1378, 223, 221.9, 372, 743, 1302, 1
151, 9.14, 1374, 222, 220.4, 372, 743, 1302
151, 9.14, 1374, 222, 220.4, 372, 743, 1302, 1
151, 9.12, 1374, 222, 219.9, 372, 743, 1302
151, 9.12, 1374, 222, 219.9, 372, 743, 1302, 1
151, 9.03, 1374, 222, 218.2, 372, 743, 1302
151, 9.03, 1374, 222, 218.2, 372, 743, 1302, 1
151, 9.05, 1374, 222, 218.6, 372, 743, 1302
151, 9.05, 1374, 222, 218.6, 372, 743, 1302, 1
143, 9.13, 1374, 221, 220.2, 372, 743, 1302
143, 9.13, 1374, 221, 220.2, 372, 743, 1302, 1
143, 9.01, 1374, 221, 217.8, 372, 743, 1302
143, 9.01, 1374, 221, 217.8, 372, 743, 1302, 1
143, 8.99, 1374, 221, 217.5, 372, 743, 1302
143, 8.99, 1374, 221, 217.5, 372, 743, 1302, 1
143, 9.13, 1374, 221, 220.2, 372, 743, 1302
143, 9.13, 1374, 221, 220.2, 372, 743, 1302, 1
143, 9.12, 1374, 221, 219.9, 372, 743, 1302
143, 9.12, 1374, 221, 219.9, 372, 743, 1302, 1
143, 9.14, 1374, 221, 220.4, 372, 743, 1302
143, 9.14, 1374, 221, 220.4, 372, 743, 1302, 1
151, 9.14, 1374, 222, 220.5, 372, 743, 1302
151, 9.14, 1374, 222, 220.5, 372, 743, 1302, 1
151, 9.09, 1374, 222, 219.3, 372, 743, 1302
151, 9.09, 1374, 222, 219.3, 372, 743, 1302, 1
151, 9.08, 1374, 222, 219.2, 372, 743, 1302
151, 9.08, 1374, 222, 219.2, 372, 743, 1302, 1
151, 9.08, 1374, 222, 219.1, 372, 743, 1302
151, 9.08, 1374, 222, 219.1, 372, 743, 1302, 1
151, 9.03, 1374, 222, 218.2, 372, 743, 1302
151, 9.03, 1374, 222, 218.2, 372, 743, 1302, 1
151, 9.04, 1374, 223, 218.4, 372, 743, 1302
151, 9.04, 1374, 223, 218.4, 371, 745, 1304, 0
151, 9.43, 1380, 223, 226.1, 371, 745, 1304
151, 9.43, 1380, 223, 226.1, 371, 745, 1304, 0
166, 9.41, 1380, 224, 225.6, 371, 745, 1304
166, 9.41, 1380, 224, 225.6, 371, 745, 1304, 0
166, 9.50, 1380, 224, 227.5, 371, 745, 1304
166, 9.50, 1380, 224, 227.5, 371, 745, 1304, 0
166, 9.54, 1384, 225, 228.1, 371, 745, 1304
166, 9.54, 1384, 225, 228.1, 371, 745, 1304, 0
166, 9.62, 1384, 225, 229.8, 371, 745, 1304
166, 9.62, 1384, 225, 229.8, 373, 741, 1300, 2
173, 9.29, 1379, 226, 223.3, 373, 741, 1300
173, 9.29, 1379, 226, 223.3, 373, 741, 1300, 2
173, 9.15, 1379, 227, 220.6, 373, 741, 1300
173, 9.15, 1379, 227, 220.6, 371, 745, 1304, 0
173, 9.62, 1388, 227, 229.8, 371, 745, 1304
173, 9.62, 1388, 227, 229.8, 371, 745, 1304, 0
188, 9.80, 1388, 228, 233.2, 371, 745, 1304
188, 9.80, 1388, 228, 233.2, 374, 739, 1298, 3
188, 9.33, 1382, 229, 224.1, 374, 739, 1298
188, 9.33, 1382, 229, 224.1, 373, 741, 1300, 2
196, 9.65, 1388, 230, 230.3, 373, 741, 1300
196, 9.65, 1388, 230, 230.3, 373, 741, 1300, 2
196, 9.82, 1388, 231, 233.6, 373, 741, 1300
196, 9.82, 1388, 231, 233.6, 373, 741, 1300, 2
211, 9.90, 1392, 232, 235.0, 373, 741, 1300
211, 9.90, 1392, 232, 235.0, 373, 741, 1300, 2
211, 9.97, 1392, 233, 236.4, 373, 741, 1300
211, 9.97, 1392, 233, 236.4, 373, 741, 1300, 2
219, 10.01, 1396, 234, 237.1, 373, 741, 1300
219, 10.01, 1396, 234, 237.1, 373, 741, 1300, 2
219, 10.14, 1396, 235, 239.6, 373, 741, 1300
219, 10.14, 1396, 235, 239.6, 375, 737, 1296, 4
234, 10.12, 1396, 237, 239.3, 375, 737, 1296
234, 10.12, 1396, 237, 239.3, 375, 737, 1296, 4
242, 10.13, 1396, 238, 239.4, 375, 737, 1296
242, 10.13, 1396, 238, 239.4, 375, 737, 1296, 4
242, 10.10, 1396, 239, 238.9, 375, 737, 1296
242, 10.10, 1396, 239, 238.9, 375, 737, 1296, 4
257, 10.10, 1404, 241, 238.8, 375, 737, 1296
257, 10.10, 1404, 241, 238.8, 375, 737, 1296, 4
265, 10.11, 1404, 242, 239.1, 375, 737, 1296
265, 10.11, 1404, 242, 239.1, 375, 737, 1296, 4
280, 10.21, 1410, 244, 240.9, 375, 737, 1296
280, 10.21, 1410, 244, 240.9, 375, 737, 1296, 4
288, 10.34, 1414, 246, 243.4, 375, 737, 1296
288, 10.34, 1414, 246, 243.4, 375, 737, 1296, 4
288, 10.39, 1414, 247, 244.3, 375, 737, 1296
288, 10.39, 1414, 247, 244.3, 375, 737, 1296, 4
304, 10.38, 1421, 249, 244.1, 375, 737, 1296
304, 10.38, 1421, 249, 244.1, 374, 739, 1298, 3
312, 10.50, 1429, 251, 246.2, 374, 739, 1298
312, 10.50, 1429, 251, 246.2, 373, 741, 1300, 2
328, 10.70, 1438, 253, 250.0, 373, 741, 1300
328, 10.70, 1438, 253, 250.0, 373, 741, 1300, 2
336, 10.91, 1442, 255, 253.9, 373, 741, 1300
336, 10.91, 1442, 255, 253.9, 373, 741, 1300, 2
352, 11.12, 1447, 257, 257.5, 373, 741, 1300
352, 11.12, 1447, 257, 257.5, 373, 741, 1300, 2
376, 11.21, 1454, 260, 259.1, 373, 741, 1300
376, 11.21, 1454, 260, 259.1, 373, 741, 1300, 2
384, 11.28, 1458, 262, 260.5, 373, 741, 1300
384, 11.28, 1458, 262, 260.5, 373, 741, 1300, 2
400, 11.48, 1463, 264, 263.9, 373, 741, 1300
400, 11.48, 1463, 264, 263.9, 373, 741, 1300, 2
408, 11.69, 1470, 267, 267.6, 373, 741, 1300
408, 11.69, 1470, 267, 267.6, 373, 741, 1300, 2
433, 11.80, 1477, 270, 269.5, 373, 741, 1300
433, 11.80, 1477, 270, 269.5, 373, 741, 1300, 2
449, 12.02, 1482, 272, 273.2, 373, 741, 1300
449, 12.02, 1482, 272, 273.2, 373, 741, 1300, 2
457, 12.27, 1490, 275, 277.5, 373, 741, 1300
457, 12.27, 1490, 275, 277.5, 373, 741, 1300, 2
482, 12.65, 1497, 278, 283.6, 373, 741, 1300
482, 12.65, 1497, 278, 283.6, 376, 735, 1294, 5
499, 12.18, 1492, 281, 275.9, 376, 735, 1294
499, 12.18, 1492, 281, 275.9, 374, 739, 1298, 3
524, 12.69, 1511, 285, 284.4, 374, 739, 1298
524, 12.69, 1511, 285, 284.4, 374, 739, 1298, 3
549, 13.09, 1519, 288, 290.8, 374, 739, 1298
549, 13.09, 1519, 288, 290.8, 374, 739, 1298, 3
558, 13.26, 1527, 291, 293.6, 374, 739, 1298
558, 13.26, 1527, 291, 293.6, 374, 739, 1298, 3
583, 13.55, 1538, 295, 298.0, 374, 739, 1298
583, 13.55, 1538, 295, 298.0, 374, 739, 1298, 3
609, 13.77, 1550, 299, 301.4, 374, 739, 1298
609, 13.77, 1550, 299, 301.4, 374, 739, 1298, 3
635, 14.14, 1561, 303, 307.1, 374, 739, 1298
635, 14.14, 1561, 303, 307.1, 376, 735, 1294, 5
661, 14.30, 1561, 307, 309.4, 376, 735, 1294
661, 14.30, 1561, 307, 309.4, 376, 735, 1294, 5
688, 14.37, 1575, 311, 310.4, 376, 735, 1294
688, 14.37, 1575, 311, 310.4, 376, 735, 1294, 5
732, 14.66, 1591, 316, 314.6, 376, 735, 1294
732, 14.66, 1591, 316, 314.6, 376, 735, 1294, 5
759, 15.15, 1608, 321, 321.6, 376, 735, 1294
759, 15.15, 1608, 321, 321.6, 376, 735, 1294, 5
795, 15.63, 1625, 326, 328.1, 376, 735, 1294
795, 15.63, 1625, 326, 328.1, 376, 735, 1294, 5
822, 16.06, 1643, 331, 333.9, 376, 735, 1294
822, 16.06, 1643, 331, 333.9, 376, 735, 1294, 5
867, 16.54, 1662, 336, 340.0, 376, 735, 1294
867, 16.54, 1662, 336, 340.0, 378, 731, 1290, 7
904, 16.67, 1673, 342, 341.7, 378, 731, 1290
904, 16.67, 1673, 342, 341.7, 378, 731, 1290, 7
950, 17.09, 1698, 348, 346.9, 378, 731, 1290
950, 17.09, 1698, 348, 346.9, 378, 731, 1290, 7
988, 18.11, 1725, 354, 358.7, 378, 731, 1290
988, 18.11, 1725, 354, 358.7, 380, 727, 1286, 9
1035, 18.66, 1744, 361, 364.7, 380, 727, 1286
1035, 18.66, 1744, 361, 364.7, 380, 727, 1286, 9
1073, 19.38, 1775, 367, 372.0, 380, 727, 1286
1073, 19.38, 1775, 367, 372.0, 383, 721, 1280, 12
1131, 19.77, 1792, 375, 375.8, 383, 721, 1280
1131, 19.77, 1792, 375, 375.8, 383, 721, 1280, 12
1189, 20.45, 1835, 382, 382.1, 383, 721, 1280
1189, 20.45, 1835, 382, 382.1, 383, 721, 1280, 12
1248, 21.35, 1889, 390, 389.7, 383, 721, 1280
1248, 21.35, 1889, 390, 389.7, 383, 721, 1280, 12
1238, 21.30, 1882, 389, 389.3, 383, 721, 1280
1238, 21.30, 1882, 389, 389.3, 383, 721, 1280, 12
1238, 21.11, 1875, 388, 387.7, 383, 721, 1280
1238, 21.11, 1875, 388, 387.7, 383, 721, 1280, 12
1219, 20.94, 1868, 387, 386.3, 383, 721, 1280
1219, 20.94, 1868, 387, 386.3, 383, 721, 1280, 12
1219, 20.95, 1868, 387, 386.4, 383, 721, 1280
1219, 20.95, 1868, 387, 386.4, 383, 721, 1280, 12
1219, 20.88, 1861, 386, 385.8, 383, 721, 1280
1219, 20.88, 1861, 386, 385.8, 383, 721, 1280, 12
1209, 20.91, 1854, 385, 386.1, 383, 721, 1280
1209, 20.91, 1854, 385, 386.1, 383, 721, 1280, 12
1209, 20.73, 1854, 385, 384.5, 383, 721, 1280
1209, 20.73, 1854, 385, 384.5, 383, 721, 1280, 12
1209, 20.77, 1854, 385, 384.9, 383, 721, 1280
1209, 20.77, 1854, 385, 384.9, 383, 721, 1280, 12
1209, 20.79, 1847, 384, 385.1, 383, 721, 1280
1209, 20.79, 1847, 384, 385.1, 383, 721, 1280, 12
1209, 20.70, 1847, 384, 384.3, 383, 721, 1280
1209, 20.70, 1847, 384, 384.3, 383, 721, 1280, 12
1248, 21.52, 1889, 390, 391.0, 383, 721, 1280
1248, 21.52, 1889, 390, 391.0, 383, 721, 1280, 12
1298, 22.22, 1935, 396, 396.3, 383, 721, 1280
1298, 22.22, 1935, 396, 396.3, 383, 721, 1280, 12
1338, 23.20, 1986, 402, 402.8, 383, 721, 1280
1338, 23.20, 1986, 402, 402.8, 383, 721, 1280, 12
1388, 24.13, 2045, 408, 408.2, 383, 721, 1280
1388, 24.13, 2045, 408, 408.2, 383, 721, 1280, 12
1428, 25.01, 2123, 415, 412.5, 383, 721, 1280
1428, 25.01, 2123, 415, 412.5, 383, 721, 1280, 12
1490, 25.68, 2217, 422, 415.3, 383, 721, 1280
1490, 25.68, 2217, 422, 415.3, 381, 725, 1284, 10
1541, 27.44, 2382, 429, 420.6, 381, 725, 1284
1541, 27.44, 2382, 429, 420.6, 378, 731, 1290, 7
1603, 28.90, 2671, 437, 422.7, 378, 731, 1290
1603, 28.90, 2671, 437, 422.7, 372, 743, 1302, 1
1603, 26.54, 2912, 436, 418.3, 372, 743, 1302
1603, 26.54, 2912, 436, 418.3, 364, 759, 1318, -7
2275, 26.54, 3040, 436, 418.3, 364, 759, 1318, -7
2275, 26.54, 3040, 436, 418.3, 364, 759, 1318, -7
2255, 26.54, 3040, 435, 418.3, 364, 759, 1318, -7
2255, 26.54, 3040, 435, 418.3, 364, 759, 1318, -7
2255, 26.54, 3040, 435, 418.3, 364, 759, 1318, -7
2255, 26.54, 3040, 435, 418.3, 364, 759, 1318, -7
2255, 26.54, 3040, 435, 418.3, 364, 759, 1318, -7
2255, 26.54, 3040, 435, 418.3, 364, 759, 1318, -7
2255, 26.54, 3040, 435, 418.3, 364, 759, 1318, -7
2275, 26.54, 3040, 436, 418.3, 364, 759, 1318, -7
2275, 26.54, 3040, 436, 418.3, 364, 759, 1318, -7
2275, 26.54, 3040, 436, 418.3, 364, 759, 1318, -7
2275, 26.54, 3040, 437, 418.3, 364, 759, 1318, -7
1007, 20.83, 1861, 357, 385.3, 364, 759, 1318
1007, 20.83, 1861, 357, 385.3, 378, 731, 1290, 7
627, 13.52, 1536, 301, 297.6, 378, 731, 1290
627, 13.52, 1536, 301, 297.6, 378, 731, 1290, 7
376, 11.00, 1436, 261, 255.4, 378, 731, 1290
376, 11.00, 1436, 261, 255.4, 376, 735, 1294, 5
196, 9.53, 1377, 230, 228.1, 376, 735, 1294
196, 9.53, 1377, 230, 228.1, 376, 735, 1294, 5
63, 8.36, 1329, 206, 204.8, 376, 735, 1294
63, 8.36, 1329, 206, 204.8, 376, 735, 1294, 5
54, 7.41, 1290, 186, 184.9, 376, 735, 1294
54, 7.41, 1290, 186, 184.9, 376, 735, 1294, 5
34, 7.12, 1282, 182, 178.6, 376, 735, 1294
34, 7.12, 1282, 182, 178.6, 376, 735, 1294, 5
14, 6.97, 1276, 179, 175.4, 376, 735, 1294
14, 6.97, 1276, 179, 175.4, 376, 735, 1294, 5
90, 6.77, 1268, 175, 170.9, 376, 735, 1294
90, 6.77, 1268, 175, 170.9, 375, 737, 1296, 4
83, 6.73, 1268, 172, 170.1, 375, 737, 1296
83, 6.73, 1268, 172, 170.1, 375, 737, 1296, 4
64, 6.62, 1259, 169, 167.7, 375, 737, 1296
64, 6.62, 1259, 169, 167.7, 375, 737, 1296, 4
51, 6.44, 1253, 166, 163.6, 375, 737, 1296
51, 6.44, 1253, 166, 163.6, 375, 737, 1296, 4
32, 6.28, 1247, 163, 160.1, 375, 737, 1296
32, 6.28, 1247, 163, 160.1, 375, 737, 1296, 4
25, 6.13, 1243, 161, 156.8, 375, 737, 1296
25, 6.13, 1243, 161, 156.8, 374, 739, 1298, 3
13, 6.14, 1243, 158, 157.0, 374, 739, 1298
13, 6.14, 1243, 158, 157.0, 374, 739, 1298, 3
7, 6.01, 1236, 156, 153.9, 374, 739, 1298
7, 6.01, 1236, 156, 153.9, 374, 739, 1298, 3
84, 5.93, 1230, 153, 152.1, 374, 739, 1298
84, 5.93, 1230, 153, 152.1, 374, 739, 1298, 3
72, 5.84, 1225, 151, 150.1, 374, 739, 1298
72, 5.84, 1225, 151, 150.1, 374, 739, 1298, 3
66, 5.75, 1221, 149, 148.0, 374, 739, 1298
66, 5.75, 1221, 149, 148.0, 374, 739, 1298, 3
54, 5.64, 1217, 147, 145.5, 374, 739, 1298
54, 5.64, 1217, 147, 145.5, 374, 739, 1298, 3
48, 5.56, 1213, 145, 143.6, 374, 739, 1298
48, 5.56, 1213, 145, 143.6, 374, 739, 1298, 3
36, 5.43, 1209, 143, 140.6, 374, 739, 1298
36, 5.43, 1209, 143, 140.6, 374, 739, 1298, 3
30, 5.41, 1205, 141, 140.2, 374, 739, 1298
30, 5.41, 1205, 141, 140.2, 374, 739, 1298, 3
30, 5.32, 1205, 140, 138.0, 374, 739, 1298
30, 5.32, 1205, 140, 138.0, 374, 739, 1298, 3
18, 5.24, 1198, 138, 136.2, 374, 739, 1298
18, 5.24, 1198, 138, 136.2, 374, 739, 1298, 3
12, 5.17, 1194, 136, 134.5, 374, 739, 1298
12, 5.17, 1194, 136, 134.5, 374, 739, 1298, 3
0, 5.15, 1194, 135, 134.0, 374, 739, 1298
0, 5.15, 1194, 135, 134.0, 374, 739, 1298, 3
91, 5.09, 1188, 133, 132.7, 374, 739, 1298
91, 5.09, 1188, 133, 132.7, 374, 739, 1298, 3
91, 5.04, 1188, 132, 131.4, 374, 739, 1298
91, 5.04, 1188, 132, 131.4, 374, 739, 1298, 3
91, 5.00, 1188, 132, 130.5, 374, 739, 1298
91, 5.00, 1188, 132, 130.5, 374, 739, 1298, 3
91, 5.03, 1188, 133, 131.2, 374, 739, 1298
91, 5.03, 1188, 133, 131.2, 374, 739, 1298, 3
91, 5.00, 1188, 133, 130.6, 374, 739, 1298
91, 5.00, 1188, 133, 130.6, 374, 739, 1298, 3
0, 5.04, 1188, 134, 131.5, 374, 739, 1298
0, 5.04, 1188, 134, 131.5, 374, 739, 1298, 3
0, 5.03, 1188, 134, 131.2, 374, 739, 1298
0, 5.03, 1188, 134, 131.2, 374, 739, 1298, 3
0, 5.28, 1192, 135, 137.0, 374, 739, 1298
0, 5.28, 1192, 135, 137.0, 374, 739, 1298, 3
0, 5.34, 1192, 135, 138.5, 374, 739, 1298
0, 5.34, 1192, 135, 138.5, 374, 739, 1298, 3
12, 5.30, 1192, 136, 137.7, 374, 739, 1298
12, 5.30, 1192, 136, 137.7, 374, 739, 1298, 3
12, 5.36, 1192, 136, 139.0, 374, 739, 1298
12, 5.36, 1192, 136, 139.0, 374, 739, 1298, 3
12, 5.41, 1196, 137, 140.2, 374, 739, 1298
12, 5.41, 1196, 137, 140.2, 374, 739, 1298, 3
18, 5.45, 1196, 138, 141.1, 374, 739, 1298
18, 5.45, 1196, 138, 141.1, 374, 739, 1298, 3
18, 5.42, 1201, 139, 140.3, 374, 739, 1298
18, 5.42, 1201, 139, 140.3, 374, 739, 1298, 3
18, 5.51, 1201, 139, 142.4, 374, 739, 1298
18, 5.51, 1201, 139, 142.4, 374, 739, 1298, 3
30, 5.44, 1201, 140, 140.9, 374, 739, 1298
30, 5.44, 1201, 140, 140.9, 374, 739, 1298, 3
30, 5.47, 1205, 141, 141.6, 374, 739, 1298
30, 5.47, 1205, 141, 141.6, 374, 739, 1298, 3
36, 5.55, 1205, 142, 143.4, 374, 739, 1298
36, 5.55, 1205, 142, 143.4, 374, 739, 1298, 3
36, 5.58, 1209, 143, 144.0, 374, 739, 1298
36, 5.58, 1209, 143, 144.0, 374, 739, 1298, 3
48, 5.67, 1209, 144, 146.1, 374, 739, 1298
48, 5.67, 1209, 144, 146.1, 374, 739, 1298, 3
48, 5.70, 1213, 145, 146.9, 374, 739, 1298
48, 5.70, 1213, 145, 146.9, 374, 739, 1298, 3
54, 5.71, 1213, 146, 147.2, 374, 739, 1298
54, 5.71, 1213, 146, 147.2, 374, 739, 1298, 3
54, 5.75, 1217, 147, 148.1, 374, 739, 1298
54, 5.75, 1217, 147, 148.1, 374, 739, 1298, 3
66, 5.86, 1217, 148, 150.5, 374, 739, 1298
66, 5.86, 1217, 148, 150.5, 374, 739, 1298, 3
72, 5.88, 1223, 150, 151.0, 374, 739, 1298
72, 5.88, 1223, 150, 151.0, 374, 739, 1298, 3
72, 5.89, 1223, 151, 151.1, 374, 739, 1298
72, 5.89, 1223, 151, 151.1, 374, 739, 1298, 3
84, 5.96, 1230, 153, 152.9, 374, 739, 1298
84, 5.96, 1230, 153, 152.9, 374, 739, 1298, 3
90, 6.06, 1234, 155, 155.2, 374, 739, 1298
90, 6.06, 1234, 155, 155.2, 374, 739, 1298, 3
7, 6.17, 1238, 157, 157.5, 374, 739, 1298
7, 6.17, 1238, 157, 157.5, 374, 739, 1298, 3
13, 6.27, 1242, 159, 159.9, 374, 739, 1298
13, 6.27, 1242, 159, 159.9, 374, 739, 1298, 3
25, 6.30, 1246, 161, 160.6, 374, 739, 1298
25, 6.30, 1246, 161, 160.6, 374, 739, 1298, 3
32, 6.44, 1250, 163, 163.7, 374, 739, 1298
32, 6.44, 1250, 163, 163.7, 374, 739, 1298, 3
51, 6.50, 1256, 166, 164.9, 374, 739, 1298
51, 6.50, 1256, 166, 164.9, 374, 739, 1298, 3
64, 6.58, 1260, 168, 166.9, 374, 739, 1298
64, 6.58, 1260, 168, 166.9, 374, 739, 1298, 3
70, 6.74, 1266, 171, 170.3, 374, 739, 1298
70, 6.74, 1266, 171, 170.3, 374, 739, 1298, 3
83, 6.78, 1270, 173, 171.2, 374, 739, 1298
83, 6.78, 1270, 173, 171.2, 374, 739, 1298, 3
7, 6.92, 1276, 176, 174.2, 374, 739, 1298
7, 6.92, 1276, 176, 174.2, 374, 739, 1298, 3
14, 7.03, 1282, 179, 176.6, 374, 739, 1298
14, 7.03, 1282, 179, 176.6, 374, 739, 1298, 3
34, 7.19, 1288, 182, 180.1, 374, 739, 1298
34, 7.19, 1288, 182, 180.1, 374, 739, 1298, 3
47, 7.31, 1294, 185, 182.6, 374, 739, 1298
47, 7.31, 1294, 185, 182.6, 374, 739, 1298, 3
68, 7.42, 1301, 189, 185.1, 374, 739, 1298
68, 7.42, 1301, 189, 185.1, 374, 739, 1298, 3
89, 7.62, 1307, 192, 189.3, 374, 739, 1298
89, 7.62, 1307, 192, 189.3, 374, 739, 1298, 3
75, 7.63, 1307, 191, 189.6, 374, 739, 1298
75, 7.63, 1307, 191, 189.6, 374, 739, 1298, 3
75, 7.35, 1303, 190, 183.5, 374, 739, 1298
75, 7.35, 1303, 190, 183.5, 372, 743, 1302, 1
68, 7.63, 1307, 189, 189.5, 372, 743, 1302
68, 7.63, 1307, 189, 189.5, 372, 743, 1302, 1
68, 7.70, 1307, 189, 191.0, 372, 743, 1302
68, 7.70, 1307, 189, 191.0, 372, 743, 1302, 1
68, 7.76, 1307, 188, 192.2, 372, 743, 1302
68, 7.76, 1307, 188, 192.2, 374, 739, 1298, 3
54, 7.32, 1298, 187, 183.0, 374, 739, 1298
54, 7.32, 1298, 187, 183.0, 373, 741, 1300, 2
54, 7.15, 1298, 187, 179.2, 373, 741, 1300
54, 7.15, 1298, 187, 179.2, 370, 747, 1306, -1
54, 7.57, 1308, 186, 188.2, 370, 747, 1306
54, 7.57, 1308, 186, 188.2, 370, 747, 1306, -1
54, 7.77, 1308, 186, 192.5, 370, 747, 1306
54, 7.77, 1308, 186, 192.5, 373, 741, 1300, 2
47, 7.33, 1297, 185, 183.1, 373, 741, 1300
47, 7.33, 1297, 185, 183.1, 373, 741, 1300, 2
47, 7.16, 1297, 185, 179.5, 373, 741, 1300
47, 7.16, 1297, 185, 179.5, 371, 745, 1304, 0
47, 7.19, 1297, 184, 180.2, 371, 745, 1304
47, 7.19, 1297, 184, 180.2, 371, 745, 1304, 0
47, 7.18, 1297, 184, 179.9, 371, 745, 1304
47, 7.18, 1297, 184, 179.9, 370, 747, 1306, -1
34, 7.56, 1301, 183, 188.0, 370, 747, 1306
34, 7.56, 1301, 183, 188.0, 373, 741, 1300, 2
34, 7.25, 1293, 183, 181.4, 373, 741, 1300
34, 7.25, 1293, 183, 181.4, 373, 741, 1300, 2
34, 7.13, 1293, 183, 178.9, 373, 741, 1300
34, 7.13, 1293, 183, 178.9, 372, 743, 1302, 1
34, 7.11, 1293, 183, 178.4, 372, 743, 1302
34, 7.11, 1293, 183, 178.4, 371, 745, 1304, 0
34, 7.08, 1293, 182, 177.7, 371, 745, 1304
34, 7.08, 1293, 182, 177.7, 370, 747, 1306, -1
34, 7.45, 1299, 182, 185.7, 370, 747, 1306
34, 7.45, 1299, 182, 185.7, 370, 747, 1306, -1
34, 7.61, 1299, 182, 189.1, 370, 747, 1306
34, 7.61, 1299, 182, 189.1, 374, 739, 1298, 3
34, 7.22, 1288, 182, 180.7, 374, 739, 1298
34, 7.22, 1288, 182, 180.7, 374, 739, 1298, 3
34, 7.01, 1288, 182, 176.3, 374, 739, 1298
34, 7.01, 1288, 182, 176.3, 372, 743, 1302, 1
34, 7.36, 1294, 182, 183.7, 372, 743, 1302
34, 7.36, 1294, 182, 183.7, 372, 743, 1302, 1
34, 7.47, 1294, 182, 186.1, 372, 743, 1302
34, 7.47, 1294, 182, 186.1, 374, 739, 1298, 3
34, 7.09, 1288, 182, 178.0, 374, 739, 1298
34, 7.09, 1288, 182, 178.0, 373, 741, 1300, 2
34, 6.97, 1288, 182, 175.2, 373, 741, 1300
34, 6.97, 1288, 182, 175.2, 371, 745, 1304, 0
34, 7.27, 1296, 182, 181.8, 371, 745, 1304
34, 7.27, 1296, 182, 181.8, 371, 745, 1304, 0
34, 7.42, 1296, 183, 185.0, 371, 745, 1304
34, 7.42, 1296, 183, 185.0, 371, 745, 1304, 0
34, 7.50, 1296, 183, 186.7, 371, 745, 1304
34, 7.50, 1296, 183, 186.7, 371, 745, 1304, 0
34, 7.50, 1296, 183, 186.8, 371, 745, 1304
34, 7.50, 1296, 183, 186.8, 371, 745, 1304, 0
34, 7.53, 1296, 183, 187.5, 371, 745, 1304
34, 7.53, 1296, 183, 187.5, 373, 741, 1300, 2
47, 7.57, 1296, 184, 188.3, 373, 741, 1300
47, 7.57, 1296, 184, 188.3, 375, 737, 1296, 4
47, 7.20, 1289, 184, 180.3, 375, 737, 1296
47, 7.20, 1289, 184, 180.3, 375, 737, 1296, 4
47, 7.04, 1289, 185, 176.9, 375, 737, 1296
47, 7.04, 1289, 185, 176.9, 372, 743, 1302, 1
47, 7.46, 1300, 185, 185.9, 372, 743, 1302
47, 7.46, 1300, 185, 185.9, 372, 743, 1302, 1
54, 7.60, 1300, 186, 189.0, 372, 743, 1302
54, 7.60, 1300, 186, 189.0, 372, 743, 1302, 1
54, 7.64, 1300, 186, 189.7, 372, 743, 1302
54, 7.64, 1300, 186, 189.7, 372, 743, 1302, 1
54, 7.63, 1300, 187, 189.5, 372, 743, 1302
54, 7.63, 1300, 187, 189.5, 372, 743, 1302, 1
54, 7.62, 1300, 187, 189.2, 372, 743, 1302
54, 7.62, 1300, 187, 189.2, 372, 743, 1302, 1
68, 7.62, 1305, 188, 189.2, 372, 743, 1302
68, 7.62, 1305, 188, 189.2, 372, 743, 1302, 1
68, 7.73, 1305, 189, 191.5, 372, 743, 1302
68, 7.73, 1305, 189, 191.5, 372, 743, 1302, 1
75, 7.74, 1309, 190, 191.9, 372, 743, 1302
75, 7.74, 1309, 190, 191.9, 372, 743, 1302, 1
75, 7.79, 1309, 190, 192.9, 372, 743, 1302
75, 7.79, 1309, 190, 192.9, 372, 743, 1302, 1
75, 7.82, 1309, 191, 193.4, 372, 743, 1302
75, 7.82, 1309, 191, 193.4, 372, 743, 1302, 1
89, 7.88, 1313, 192, 194.8, 372, 743, 1302
89, 7.88, 1313, 192, 194.8, 372, 743, 1302, 1
89, 7.92, 1313, 193, 195.6, 372, 743, 1302
89, 7.92, 1313, 193, 195.6, 372, 743, 1302, 1
0, 7.97, 1317, 194, 196.7, 372, 743, 1302
0, 7.97, 1317, 194, 196.7, 372, 743, 1302, 1
0, 8.00, 1317, 195, 197.4, 372, 743, 1302
0, 8.00, 1317, 195, 197.4, 372, 743, 1302, 1
14, 8.03, 1321, 196, 197.8, 372, 743, 1302
14, 8.03, 1321, 196, 197.8, 372, 743, 1302, 1